idx aa_short aa rf_1 rf_2 rf_3 rf_4 rf_5 rf_6 rf_7 hnmr_1 hnmr_2 hnmr_3 vdw mw z1 z2 z3
1 A Ala 60 24 29 9 52 23 37 4A3 3.77 3.30 13.7 89.1 0.07 -1.73 0.09
2 V Val 74 42 43 22 68 43 72 3.94 3.60 3.03 34.1 117.2 -2.69 -2.53 -1.29
3 L Leu 82 52 50 33 73 53 83 4.05 3.71 3.23 44.4 131.2 -4.19 -1.03 -0.98
4 I ile 80 50 49 28 72 53 83 4.02 3.66 3.08 44.4 131.2 -4.44 -1.68 -1.03
5 P Pro 52 20 50 11 57 31 68 4.37 4.11 3.51 30.7 115.1 -1.22 0.88 2.23
6 F Phe 82 50 52 35 66 52 87 4.31 3.98 3.48 56.1 165.2 -4.92 1.30 0.45
7 W Trp 86 54 54 40 - 51 88 4.36 4.05 3.56 75.1 204.2 -4.75 3.65 0.85
8 M Met 77 45 50 29 63 49 79 4.20 3.84 3.30 45.0 149.2 -2.49 -0.27 -0.41
9 K Lys 1 7 2 1 19 7 1 4.05 3.74 3.27 51.1 147.0 2.84 1.41 -3.14
10 R Arg 1 9 6 1 19 7 1 4.06 3.76 3.20 64.9 175.0 2.88 2.52 -3.44
11 H His 9 6 16 1 16 20 2 4.29 4.00 3.47 45.1 156.0 2.41 1.74 1.11
12 G Gly 44 19 22 6 32 22 17 3.88 3.54 3.15 3.5 75.1 2.23 -5.36 0.30
13 S Ser 44 19 15 6 36 23 13 4.18 3.87 3.31 18.3 105.1 1.96 -1.63 0.57
14 T Thr 58 25 27 11 46 29 30 3.97 3.57 3.08 28.5 119.1 0.92 -2.09 -1.40
15 C Cys - 23 27 - 46 - - 4.30 3.97 3.00 25.0 121.2 0.71 -0.97 4.13
16 Y Tyr 81 50 47 32 68 51 80 4.30 3.90 3.40 61.6 181.2 -1.39 2.32 0.01
17 N Asn 39 14 25 5 21 12 12 4.33 4.00 3.56 32.5 132.1 3.22 1.45 0.84
18 Q Gln 53 16 37 7 32 20 23 4.10 3.76 3.24 42.7 146.1 2.18 0.53 -1.14
19 D Asp - 16 9 2 38 20 19 4.34 3.89 3.51 30.0 132.1 3.64 1.13 2.36
20 E Glu - 24 15 4 42 19 28 4.12 3.74 3.21 40.2 146.1 3.08 0.39 -0.07